
0.00 0.00 0.00 0.00 0.00
0.14 1.00 1.00 5.00 5.00
0.43 4.00 1.00 1.00 5.00
0.73 3.00 1.00 2.00 5.00
1.05 5.00 2.00 5.00 3.00
1.34 2.00 1.00 3.00 3.00
1.62 1.00 5.00 5.00 5.00
1.90 1.00 5.00 4.00 4.00
2.20 2.00 2.00 1.00 5.00
2.50 3.00 4.00 3.00 5.00
2.80 2.00 5.00 3.00 3.00
3.09 5.00 4.00 3.00 4.00
3.37 1.00 5.00 5.00 1.00
3.67 5.00 4.00 2.00 2.00
3.96 5.00 2.00 3.00 3.00
4.26 5.00 2.00 3.00 4.00
4.57 3.00 1.00 4.00 4.00
4.89 4.00 4.00 4.00 3.00
5.17 1.00 4.00 5.00 3.00
5.48 4.00 4.00 2.00 2.00
5.77 1.00 1.00 2.00 2.00
6.05 3.00 1.00 4.00 4.00
6.36 2.00 4.00 5.00 1.00
6.66 4.00 5.00 3.00 3.00
6.96 4.00 4.00 3.00 1.00
7.28 2.00 1.00 2.00 4.00
7.57 4.00 3.00 3.00 4.00
7.87 5.00 4.00 1.00 1.00